$ANSIBLE_VAULT;1.1;AES256
65376130396239303031393263343537633333303538383736663634333130386562303031396463
3430346234653531393636363630356163323862643237370a333431613633643461613037383937
37343564646564363839313733326436303634383062663238363231333936393636656337623832
6430376430343034650a363031643834326561363361323863653838653232346136366138623934
61316433353462653663383233633639333137393731663432666438626332656537343336326234
61343533623263313135376366633136326461373038663532313338316562613731313366306134
62396438376630326366326137613431633566373761363737353264613536383331373065393237
63333931333464653733613431383166353164316563383963316262646564643862313464313766
37616364353262383039373736323738613332313666623232643865626632306638336134663139
32363237656465626338303037643064363066376564666338363866636130616330393832303865
36346232613835333863313333373336383833656431656334386463303236303930306536383365
65346136643162383234633230313934616261383932353063393835653030326436666334383230
37313065633362666233353539353233333234373530626136316131663263646561663930376539
64356431333461346639346336643366643766393663343231393565376535633262636334336664
34646131653333666361633132646265623935356663643530306232336530656361343963313363
31326564383562656132333538623330383232333033306236343730336534366536373064646339
66336439336537633261393764323236386331306565353732656630333363626665613738393562
66393733616437303865376139316332376236346132666238633736343764386466306362383461
33343130656234366533356438653263343765303464653439316332623135323665396638393634
35383936653864643461363033316238326661356130383832393030633936663966663663643138
39666561636432353639346534616434653164303532623730646565306638333166323162633935
61326261383061663133386266613030356530363462663835323237666431326663663339323164
37326130306136626431623965333735643165643662613364663164663562633636336336613538
30663530633339663137663834326237656337396339393965613031366562323966303730623132
38636432613535383135353130383866383635313834343138343161373033626637306336303532
33663361353030343262653763313933306562633437323531663932343063303130646464306337
35366530363036643065303862303431363638613533386530616130373239346530336135393834
61366239373239666338656663333034643138303865353835336531376463633030396661356464
66393333646537336433303738356566393733636566396365353138373733316133316637373331
38336461393063383231383135373737353835623932636332386139323938393131316237306563
61663062313866643966376637303130306563386439363337326432666264343465396139666534
65326333303561656463333831633732346366346232666230323738343064633065366636616661
62373662313736333464333639393735353131613930656334366435376431326332323839333130
39353734336461333830333666633364316330636430396239313161303434363839353537396437
31383666643935353635643432326636306634366664353965383463383537353263336435336536
65313930656539353737363832306666366432383364616561376539363235343538313165306563
39336462396662643537376539383164373565646534616233626365646161626439663364346338
39333465386530663966393566613265636335323335373636616661643762326436306565666139
37613031646535303032306532313132393862653935666463666262353766303861623333616265
66643331356337616462363138616636383764383264343063313561616162393334376265636230
34373262306536383466353964363966376336636462376634656131636436396337326530643035
62623733623437326465626362343936333438646131666231386637613432396430383066313432
34333438316637396665666564653533356236646562363634663362353864616538346661623730
63393239636430336365626230616666356130653032626163343033633462343137313765336461
65353536636431363037623636633432326464653934373961643430323730643863653565646561
32633135626436313534316439396235313339643333633735653836323230303634373133313535
34366264623566313535666164646364363731333865646539646235333633343339346664646366
33643361396538303264383931363331393030636436353062623831363265373531646136666363
38383366313238363331333963336132336531316138383065353865653764383763353538663965
31633439396336623537393534353065363638666536663336643131373736396232623639613333
62386632613462393430343261373237336233646265313566643065353436663165656338306236
37303530393265393532656237653730623662313562343234613762353931376331383566383366
64623166353066306133643435623163616535343734333162646662643934386430313461343166
32323666313162643364383162386662303739346131373939346533653038383536623661386165
35383835653933646638363962326631313633393034303765316632626535323562376262396265
62653032376263616438323337323032613930653365383866366138336265353166666335316463
64393339333563323963306362346232323530323433666565393935373063663161346236313535
37653334373735313961636566636661643661353661383436666165646364666461393566616362
34656565666334613937653061636632323234626462306536333038353935373962643165353139
30616364346439343537346566363733356132313465366138663638383538386237376663336363
62633134363262636166306431616233343235616364383232666137316164613833303533363033
38373065323563333032636533353161373439393337323761313230313030326334646639626234
61643962663732663737313931653432633637353866393339323237316639663735393862633766
64333232653632373365643861646562323464323134663261323336373838666433383964666235
61656662333231316664333066643033613434353166613266346335383837643633613065343261
30663666353862333639323965396335633531303739316437663435666430663064363464363735
31386334613832636534306661396538613962363333376663613566316663633435663736326164
36356635623063343538313131633764396639656263356162313537623339663039376335346535
36356235653731313764376435393663393864333239383932353038633763646339643561326437
30343638323138333364343166616532313262666662323739666434323835343163373438346434
38653730633130313430356561333030323435343332656563383061616633386237623962393232
61373963396133393964336332396362336162623437663164313433323036336436306434646232
38353835386433383134336564306132616466316563663634313537333265623138346538383639
37313137613635366538383232313364306664363038346365623863313137643233666534303862
66636532383834356133623034366230613262306465623962666437363863333932666137393235
38333934366662316261646538643537346234633132363763353932386364663533643433386161
39636462363338363935366361666632306134366162373661653138303766306137633064666164
30363264353962306130633265383333393935386434653130376563326136663934373931343066
65633730326262373934336638653238326663343333353139363530306431323834393666376134
31623534653364656565616232666566323939633332363063623762663935613835336339386332
36393839313231643838303135313966326336633539643565623362616630646262326135396366
34326533386262316563343763346238356663376133346465333566373932646633393332376333
65633339313366366231346262376166323765373235376466366363363466663536666362356266
62643531623262313738383938383838313431353662663239663834313734663466653532613638
31396433643830373261623034393166623733626536613132376162366430663030623132646635
39643964653966626362613864663631343466356566396565646566653062386334633036343934
63633238633332376465383039393639396530663162653461643430306165303138323064373164
35343966356138626432
